13
0 1 12.45
0 2 78.65
0 3 51.79
0 4 15.66
0 5 94.51
0 6 84.17
0 7 40.93
0 8 29.08
0 9 47.82
0 10 10.99
0 11 98.88
0 12 60.44
1 2 66.49
1 3 42.75
1 4 84.89
1 5 49.48
1 6 41.03
1 7 36.81
1 8 11.90
1 9 61.54
1 10 35.29
1 11 43.98
1 12 29.91
2 3 10.81
2 4 48.81
2 5 27.75
2 6 92.64
2 7 16.21
2 8 89.71
2 9 28.52
2 10 63.02
2 11 33.82
2 12 91.67
3 4 23.45
3 5 69.31
3 6 8.50
3 7 44.57
3 8 3.23
3 9 47.15
3 10 57.23
3 11 21.66
3 12 86.28
4 5 57.09
4 6 92.72
4 7 64.85
4 8 20.53
4 9 5.73
4 10 82.16
4 11 38.57
4 12 12.12
5 6 64.61
5 7 35.96
5 8 41.16
5 9 72.30
5 10 99.15
5 11 30.36
5 12 55.09
6 7 16.13
6 8 21.82
6 9 43.42
6 10 45.16
6 11 96.90
6 12 3.34
7 8 86.86
7 9 11.18
7 10 56.16
7 11 78.19
7 12 59.87
8 9 17.11
8 10 19.03
8 11 26.45
8 12 66.82
9 10 71.53
9 11 44.21
9 12 49.82
10 11 10.38
10 12 13.28
11 12 22.02
